4
linear   essential      -0.250000   0.750000
linear   non-essential   0.000000   1.000000
linear   essential       0.000000   1.000000
linear   essential       0.000000   1.000000

A 1
significant   elliptical     1
	  0.324219  0.310937  0.207031  0.152344
	  0.000400  0.000400  0.000400  0.000400

B 1
significant   elliptical     1
	  0.371094  0.383594  0.230469  0.148438
	  0.000400  0.000400  0.000400  0.000400

C 1
significant   elliptical     1
	  0.367188  0.314844  0.253906  0.160156
	  0.000400  0.000400  0.000400  0.000400

D 1
significant   elliptical     1
	  0.359375  0.369531  0.238281  0.171875
	  0.000400  0.000400  0.000400  0.000400

E 1
significant   elliptical     1
	  0.371094  0.308594  0.253906  0.128906
	  0.000400  0.000400  0.000400  0.000400

F 1
significant   elliptical     1
	  0.429688  0.250000  0.218750  0.121094
	  0.000400  0.000400  0.000400  0.000400

G 1
significant   elliptical     1
	  0.359375  0.373047  0.242188  0.167969
	  0.000400  0.000400  0.000400  0.000400

H 1
significant   elliptical     1
	  0.371094  0.350391  0.210938  0.203125
	  0.000400  0.000400  0.000400  0.000400

I 1
significant   elliptical     1
	  0.355469  0.157031  0.222656  0.046875
	  0.000400  0.000400  0.000400  0.000400

J 1
significant   elliptical     1
	  0.296875  0.219922  0.230469  0.117188
	  0.000400  0.000400  0.000400  0.000400

K 1
significant   elliptical     1
	  0.363281  0.325391  0.226562  0.148438
	  0.000400  0.000400  0.000400  0.000400

L 1
significant   elliptical     1
	  0.292969  0.205469  0.238281  0.101562
	  0.000400  0.000400  0.000400  0.000400

M 1
significant   elliptical     1
	  0.355469  0.483594  0.203125  0.234375
	  0.000400  0.000400  0.000400  0.000400

N 1
significant   elliptical     1
	  0.363281  0.398438  0.210938  0.199219
	  0.000400  0.000400  0.000400  0.000400

O 1
significant   elliptical     1
	  0.371094  0.370703  0.242188  0.183594
	  0.000400  0.000400  0.000400  0.000400

P 1
significant   elliptical     1
	  0.429688  0.298438  0.207031  0.148438
	  0.000400  0.000400  0.000400  0.000400

Q 1
significant   elliptical     1
	  0.339844  0.391797  0.257812  0.175781
	  0.000400  0.000400  0.000400  0.000400

R 1
significant   elliptical     1
	  0.375000  0.353125  0.230469  0.156250
	  0.000400  0.000400  0.000400  0.000400

S 1
significant   elliptical     1
	  0.371094  0.347266  0.242188  0.144531
	  0.000400  0.000400  0.000400  0.000400

T 1
significant   elliptical     1
	  0.464844  0.225000  0.242188  0.109375
	  0.000400  0.000400  0.000400  0.000400

U 1
significant   elliptical     1
	  0.335938  0.341797  0.234375  0.187500
	  0.000400  0.000400  0.000400  0.000400

V 1
significant   elliptical     1
	  0.406250  0.292578  0.210938  0.148438
	  0.000400  0.000400  0.000400  0.000400

W 1
significant   elliptical     1
	  0.375000  0.503125  0.210938  0.226562
	  0.000400  0.000400  0.000400  0.000400

X 1
significant   elliptical     1
	  0.363281  0.319531  0.242188  0.156250
	  0.000400  0.000400  0.000400  0.000400

Y 1
significant   elliptical     1
	  0.437500  0.249219  0.210938  0.128906
	  0.000400  0.000400  0.000400  0.000400

Z 1
significant   elliptical     1
	  0.367188  0.308203  0.269531  0.136719
	  0.000400  0.000400  0.000400  0.000400

0 1
significant   elliptical     1
	  0.367188  0.354688  0.234375  0.164062
	  0.000400  0.000400  0.000400  0.000400

1 1
significant   elliptical     1
	  0.328125  0.225391  0.250000  0.097656
	  0.000400  0.000400  0.000400  0.000400

2 1
significant   elliptical     1
	  0.359375  0.310156  0.257812  0.132812
	  0.000400  0.000400  0.000400  0.000400

3 1
significant   elliptical     1
	  0.375000  0.332422  0.246094  0.140625
	  0.000400  0.000400  0.000400  0.000400

4 1
significant   elliptical     1
	  0.359375  0.297656  0.195312  0.140625
	  0.000400  0.000400  0.000400  0.000400

5 1
significant   elliptical     1
	  0.375000  0.333203  0.242188  0.136719
	  0.000400  0.000400  0.000400  0.000400

6 1
significant   elliptical     1
	  0.375000  0.372656  0.230469  0.148438
	  0.000400  0.000400  0.000400  0.000400

7 1
significant   elliptical     1
	  0.472656  0.236328  0.242188  0.121094
	  0.000400  0.000400  0.000400  0.000400

8 1
significant   elliptical     1
	  0.375000  0.389453  0.234375  0.152344
	  0.000400  0.000400  0.000400  0.000400

9 1
significant   elliptical     1
	  0.386719  0.373828  0.230469  0.152344
	  0.000400  0.000400  0.000400  0.000400

- 1
significant   elliptical     1
	  0.332031  0.085547  0.042969  0.117188
	  0.000400  0.000400  0.000400  0.000400

( 1
significant   elliptical     1
	  0.378906  0.185156  0.246094  0.070312
	  0.000400  0.000400  0.000400  0.000400

) 1
significant   elliptical     1
	  0.414062  0.205469  0.257812  0.082031
	  0.000400  0.000400  0.000400  0.000400
